[gd_scene load_steps=19 format=2]

[ext_resource path="res://Scripts/Game.gd" type="Script" id=1]
[ext_resource path="res://Scenes/Character.tscn" type="PackedScene" id=2]
[ext_resource path="res://Scenes/Crate.tscn" type="PackedScene" id=3]
[ext_resource path="res://Scenes/BlockLarge.tscn" type="PackedScene" id=4]
[ext_resource path="res://Scenes/BlockSlope.tscn" type="PackedScene" id=5]
[ext_resource path="res://Scenes/Bridge.tscn" type="PackedScene" id=6]
[ext_resource path="res://Scenes/BridgeRamp.tscn" type="PackedScene" id=7]
[ext_resource path="res://Scenes/Block.tscn" type="PackedScene" id=8]

[sub_resource type="SpatialMaterial" id=1]
albedo_color = Color( 0.0627451, 0.490196, 0.0235294, 1 )

[sub_resource type="PlaneMesh" id=2]
material = SubResource( 1 )
size = Vector2( 32, 10 )

[sub_resource type="BoxShape" id=3]
extents = Vector3( 0.504528, 0.51115, 0.509593 )

[sub_resource type="BoxShape" id=4]

[sub_resource type="ConvexPolygonShape" id=5]
points = PoolVector3Array( 5, 0, 5, -5, 0, 5, 5, 0, -5, -5, 0, -5 )

[sub_resource type="Animation" id=6]
resource_name = "Block"
length = 4.0
loop = true
tracks/0/type = "value"
tracks/0/path = NodePath(".:translation")
tracks/0/interp = 2
tracks/0/loop_wrap = true
tracks/0/imported = false
tracks/0/enabled = true
tracks/0/keys = {
"times": PoolRealArray( 0.0384894, 2 ),
"transitions": PoolRealArray( 1, 1 ),
"update": 0,
"values": [ Vector3( -5.375, 8.25, 0.339006 ), Vector3( -9.35, 8.25, 0.339006 ) ]
}

[sub_resource type="Animation" id=7]
resource_name = "Moving Platform 1"
length = 4.0
loop = true

[sub_resource type="Animation" id=8]
resource_name = "Moving Platform 2"
length = 4.0
loop = true
tracks/0/type = "value"
tracks/0/path = NodePath("../Moving Platform 2:translation")
tracks/0/interp = 1
tracks/0/loop_wrap = true
tracks/0/imported = false
tracks/0/enabled = true
tracks/0/keys = {
"times": PoolRealArray( 0, 2 ),
"transitions": PoolRealArray( 1, 1 ),
"update": 0,
"values": [ Vector3( 7.31672, 0, 0.206985 ), Vector3( 7.31672, 2.66355, 0.206985 ) ]
}

[sub_resource type="Animation" id=9]
resource_name = "Moving Platform 3"
length = 4.0
loop = true
tracks/0/type = "value"
tracks/0/path = NodePath("Ground/MeshInstance/Spatial/Moving Platform 3:translation")
tracks/0/interp = 2
tracks/0/loop_wrap = true
tracks/0/imported = false
tracks/0/enabled = true
tracks/0/keys = {
"times": PoolRealArray( 0, 2 ),
"transitions": PoolRealArray( 1, 1 ),
"update": 0,
"values": [ Vector3( 2.36876, 2.66355, 0.206985 ), Vector3( 2.36876, 5.31009, 0.206985 ) ]
}
tracks/1/type = "value"
tracks/1/path = NodePath("Ground/MeshInstance/Spatial/Moving Platform 2:translation")
tracks/1/interp = 1
tracks/1/loop_wrap = true
tracks/1/imported = false
tracks/1/enabled = true
tracks/1/keys = {
"times": PoolRealArray( 0, 2 ),
"transitions": PoolRealArray( 1, 1 ),
"update": 0,
"values": [ Vector3( 7.31672, -0.0111995, 0.206985 ), Vector3( 7.31672, 2.60888, 0.206985 ) ]
}
tracks/2/type = "value"
tracks/2/path = NodePath("Ground/MeshInstance/Spatial/Moving Platform 4:translation")
tracks/2/interp = 1
tracks/2/loop_wrap = true
tracks/2/imported = false
tracks/2/enabled = true
tracks/2/keys = {
"times": PoolRealArray( 0, 1, 2, 3, 4 ),
"transitions": PoolRealArray( 1, 1, 1, 1, 1 ),
"update": 0,
"values": [ Vector3( -1.66026, 5.2541, 0.206985 ), Vector3( -1.66026, 7.93228, 0.206985 ), Vector3( -1.66026, 5.33932, 0.206985 ), Vector3( -1.66026, 8.01037, 0.206985 ), Vector3( -1.66026, 5.2541, 0.206985 ) ]
}
tracks/3/type = "value"
tracks/3/path = NodePath("Ground/MeshInstance/Spatial/Moving Platform 1/CollisionShape:translation")
tracks/3/interp = 1
tracks/3/loop_wrap = true
tracks/3/imported = false
tracks/3/enabled = true
tracks/3/keys = {
"times": PoolRealArray( 0 ),
"transitions": PoolRealArray( 1 ),
"update": 0,
"values": [ Vector3( 0, 0, 0 ) ]
}
tracks/4/type = "value"
tracks/4/path = NodePath("Ground/MeshInstance/Spatial/Moving Platform 5/MeshInstance/Block:translation")
tracks/4/interp = 1
tracks/4/loop_wrap = true
tracks/4/imported = false
tracks/4/enabled = true
tracks/4/keys = {
"times": PoolRealArray( 0 ),
"transitions": PoolRealArray( 1 ),
"update": 0,
"values": [ Vector3( -3.95505, -0.551232, 0.324165 ) ]
}
tracks/5/type = "value"
tracks/5/path = NodePath("Ground/MeshInstance/Spatial/Moving Platform 1:translation")
tracks/5/interp = 1
tracks/5/loop_wrap = true
tracks/5/imported = false
tracks/5/enabled = true
tracks/5/keys = {
"times": PoolRealArray( 0, 1, 2, 3, 4 ),
"transitions": PoolRealArray( 1, 1, 1, 1, 1 ),
"update": 0,
"values": [ Vector3( -6.85722, 8.41929, 0.339006 ), Vector3( -10.0066, 8.41929, 0.339006 ), Vector3( -6.90851, 8.41929, 0.339006 ), Vector3( -9.88613, 8.41929, 0.339006 ), Vector3( -6.90341, 8.41929, 0.339006 ) ]
}
tracks/6/type = "value"
tracks/6/path = NodePath("Ground/MeshInstance/Spatial/Moving Platform 5:translation")
tracks/6/interp = 1
tracks/6/loop_wrap = true
tracks/6/imported = false
tracks/6/enabled = true
tracks/6/keys = {
"times": PoolRealArray( 0, 1, 2, 3, 4 ),
"transitions": PoolRealArray( 1, 1, 1, 1, 1 ),
"update": 0,
"values": [ Vector3( -13.7692, 8.41929, 0.339006 ), Vector3( -10.9964, 8.41929, 0.339006 ), Vector3( -13.8961, 8.41929, 0.339006 ), Vector3( -10.8536, 8.41929, 0.339006 ), Vector3( -13.7692, 8.41929, 0.339006 ) ]
}
tracks/7/type = "value"
tracks/7/path = NodePath("Ground/MeshInstance/Spatial/Moving Platform 6:translation")
tracks/7/interp = 1
tracks/7/loop_wrap = true
tracks/7/imported = false
tracks/7/enabled = true
tracks/7/keys = {
"times": PoolRealArray( 0, 0.2, 0.4, 0.5, 0.6, 0.7, 0.8, 0.9, 1, 1.1, 1.2, 1.3, 1.4, 1.5, 1.6 ),
"transitions": PoolRealArray( 1, 1, 1, 1, 1, 1, 1, 1, 1, 1, 1, 1, 1, 1, 1 ),
"update": 0,
"values": [ Vector3( 4.74, 0.330786, 2.476 ), Vector3( 4.74, 2.60154, 2.476 ), Vector3( 4.74, 6, 2.476 ), Vector3( 4.74, 8, 2.476 ), Vector3( 4.74, 10, 2.476 ), Vector3( 4.74, 12, 2.476 ), Vector3( 4.74, 14, 2.476 ), Vector3( 4.74, 16, 2.476 ), Vector3( 4.74, 18, 2.476 ), Vector3( 4.74, 20, 2.476 ), Vector3( 4.74, 22, 2.476 ), Vector3( 4.74, 24, 2.476 ), Vector3( 4.74, 26, 2.476 ), Vector3( 4.74, 28, 2.476 ), Vector3( 4.74, 30, 2.476 ) ]
}

[sub_resource type="Animation" id=10]
resource_name = "Moving Platform 4"
length = 4.0
loop = true

[node name="Spatial" type="Spatial"]
script = ExtResource( 1 )

[node name="Ground" type="StaticBody" parent="."]

[node name="MeshInstance" type="MeshInstance" parent="Ground"]
transform = Transform( 1, 0, 0, 0, 1, 0, 0, 0, 1, 1.48505, 0.0589347, -1.76865 )
mesh = SubResource( 2 )
material/0 = null

[node name="Character" parent="Ground/MeshInstance" instance=ExtResource( 2 )]
transform = Transform( -4.37114e-008, 0, 1, 0, 1, 0, -1, 0, -4.37114e-008, 15.1155, 0.702314, 0.246496 )

[node name="Crate" parent="Ground/MeshInstance" instance=ExtResource( 3 )]
transform = Transform( 0.898257, -0.439471, 0, 0.439471, 0.898257, 0, 0, 0, 1, 6.59622, 0.0514195, -10.5959 )

[node name="Crate2" parent="Ground/MeshInstance" instance=ExtResource( 3 )]
transform = Transform( 0.898257, -0.439471, 0, 0.439471, 0.898257, 0, 0, 0, 1, 6.37526, 0.503055, -10.8111 )

[node name="Crate3" parent="Ground/MeshInstance" instance=ExtResource( 3 )]
transform = Transform( 0.898257, -0.439471, 0, 0.439471, 0.898257, 0, 0, 0, 1, 6.15612, 0.950974, -10.5278 )

[node name="Crate4" parent="Ground/MeshInstance" instance=ExtResource( 3 )]
transform = Transform( 0.898257, -0.439471, 0, 0.439471, 0.898257, 0, 0, 0, 1, 5.93458, 1.40378, -10.3762 )

[node name="BlockLarge" parent="Ground/MeshInstance" instance=ExtResource( 4 )]
transform = Transform( 1, 0, 0, 0, 1, 0, 0, 0, 1, 11.17, -0.047467, 1.16761 )

[node name="BlockLarge3" parent="Ground/MeshInstance" instance=ExtResource( 4 )]
transform = Transform( 1, 0, 0, 0, 1, 0, 0, 0, 1, -16.3299, 7.88679, 1.16761 )

[node name="BlockLarge2" parent="Ground/MeshInstance" instance=ExtResource( 4 )]
transform = Transform( 1, 0, 0, 0, 1, 0, 0, 0, 1, 13.9103, -0.907942, 1.16761 )

[node name="BlockSlope" parent="Ground/MeshInstance" instance=ExtResource( 5 )]
transform = Transform( -4.37114e-008, 0, -1, 0, 1, 0, 1, 0, -4.37114e-008, 13.15, 0.02, 0.175 )

[node name="BlockSlope2" parent="Ground/MeshInstance" instance=ExtResource( 5 )]
transform = Transform( -4.37114e-008, 0, -1, 0, 1, 0, 1, 0, -4.37114e-008, 13.15, 0, -0.832 )

[node name="Bridge" parent="Ground/MeshInstance" instance=ExtResource( 6 )]
transform = Transform( -4.37114e-008, 0, -1, 0, 1, 0, 1, 0, -4.37114e-008, 10.175, 0, 0.175 )

[node name="Bridge8" parent="Ground/MeshInstance" instance=ExtResource( 6 )]
transform = Transform( -4.37114e-008, 0, -1, 0, 1, 0, 1, 0, -4.37114e-008, 5.28899, 2.675, 0.175 )

[node name="Bridge15" parent="Ground/MeshInstance" instance=ExtResource( 6 )]
transform = Transform( -4.37114e-008, 0, -1, 0, 1, 0, 1, 0, -4.37114e-008, -0.324998, 5.325, -18.5185 )

[node name="Bridge3" parent="Ground/MeshInstance" instance=ExtResource( 6 )]
transform = Transform( -4.37114e-008, 0, -1, 0, 1, 0, 1, 0, -4.37114e-008, 9.25, 0, 0.175 )

[node name="Bridge9" parent="Ground/MeshInstance" instance=ExtResource( 6 )]
transform = Transform( -4.37114e-008, 0, -1, 0, 1, 0, 1, 0, -4.37114e-008, 4.36399, 2.675, 0.175 )

[node name="Bridge16" parent="Ground/MeshInstance" instance=ExtResource( 6 )]
transform = Transform( -4.37114e-008, 0, -1, 0, 1, 0, 1, 0, -4.37114e-008, 0.291456, 5.325, 0.175 )

[node name="Bridge19" parent="Ground/MeshInstance" instance=ExtResource( 6 )]
transform = Transform( -4.37114e-008, 0, -1, 0, 1, 0, 1, 0, -4.37114e-008, -3.6227, 7.8894, 0.175 )

[node name="Bridge24" parent="Ground/MeshInstance" instance=ExtResource( 6 )]
transform = Transform( -4.37114e-008, 0, -1, 0, 1, 0, 1, 0, -4.37114e-008, -5.42687, 7.8894, 0.175 )

[node name="Bridge6" parent="Ground/MeshInstance" instance=ExtResource( 6 )]
transform = Transform( -4.37114e-008, 0, -1, 0, 1, 0, 1, 0, -4.37114e-008, 8.325, 0, 0.177261 )

[node name="Bridge10" parent="Ground/MeshInstance" instance=ExtResource( 6 )]
transform = Transform( -4.37114e-008, 0, -1, 0, 1, 0, 1, 0, -4.37114e-008, 3.43899, 2.675, 0.176253 )

[node name="Bridge17" parent="Ground/MeshInstance" instance=ExtResource( 6 )]
transform = Transform( -4.37114e-008, 0, -1, 0, 1, 0, 1, 0, -4.37114e-008, -0.633544, 5.325, 0.175 )

[node name="Bridge20" parent="Ground/MeshInstance" instance=ExtResource( 6 )]
transform = Transform( -4.37114e-008, 0, -1, 0, 1, 0, 1, 0, -4.37114e-008, -4.5477, 7.8894, 0.175 )

[node name="Bridge23" parent="Ground/MeshInstance" instance=ExtResource( 6 )]
transform = Transform( -4.37114e-008, 0, -1, 0, 1, 0, 1, 0, -4.37114e-008, -6.35187, 7.8894, 0.175 )

[node name="Bridge2" parent="Ground/MeshInstance" instance=ExtResource( 6 )]
transform = Transform( -4.37114e-008, 0, -1, 0, 1, 0, 1, 0, -4.37114e-008, 10.175, 0, -0.85 )

[node name="Bridge7" parent="Ground/MeshInstance" instance=ExtResource( 6 )]
transform = Transform( -4.37114e-008, 0, -1, 0, 1, 0, 1, 0, -4.37114e-008, 5.28899, 2.675, -0.85 )

[node name="Bridge18" parent="Ground/MeshInstance" instance=ExtResource( 6 )]
transform = Transform( -4.37114e-008, 0, -1, 0, 1, 0, 1, 0, -4.37114e-008, -0.324998, 5.325, -19.5435 )

[node name="Bridge4" parent="Ground/MeshInstance" instance=ExtResource( 6 )]
transform = Transform( -4.37114e-008, 0, -1, 0, 1, 0, 1, 0, -4.37114e-008, 9.25, 0, -0.85 )

[node name="Bridge11" parent="Ground/MeshInstance" instance=ExtResource( 6 )]
transform = Transform( -4.37114e-008, 0, -1, 0, 1, 0, 1, 0, -4.37114e-008, 4.36399, 2.675, -0.85 )

[node name="Bridge13" parent="Ground/MeshInstance" instance=ExtResource( 6 )]
transform = Transform( -4.37114e-008, 0, -1, 0, 1, 0, 1, 0, -4.37114e-008, 0.291456, 5.325, -0.85 )

[node name="Bridge21" parent="Ground/MeshInstance" instance=ExtResource( 6 )]
transform = Transform( -4.37114e-008, 0, -1, 0, 1, 0, 1, 0, -4.37114e-008, -3.6227, 7.8894, -0.85 )

[node name="Bridge25" parent="Ground/MeshInstance" instance=ExtResource( 6 )]
transform = Transform( -4.37114e-008, 0, -1, 0, 1, 0, 1, 0, -4.37114e-008, -5.42687, 7.8894, -0.85 )

[node name="Bridge5" parent="Ground/MeshInstance" instance=ExtResource( 6 )]
transform = Transform( -4.37114e-008, 0, -1, 0, 1, 0, 1, 0, -4.37114e-008, 8.325, 0, -0.847738 )

[node name="Bridge12" parent="Ground/MeshInstance" instance=ExtResource( 6 )]
transform = Transform( -4.37114e-008, 0, -1, 0, 1, 0, 1, 0, -4.37114e-008, 3.43899, 2.675, -0.848748 )

[node name="Bridge14" parent="Ground/MeshInstance" instance=ExtResource( 6 )]
transform = Transform( -4.37114e-008, 0, -1, 0, 1, 0, 1, 0, -4.37114e-008, -0.633544, 5.325, -0.85 )

[node name="Bridge22" parent="Ground/MeshInstance" instance=ExtResource( 6 )]
transform = Transform( -4.37114e-008, 0, -1, 0, 1, 0, 1, 0, -4.37114e-008, -4.5477, 7.8894, -0.85 )

[node name="Bridge26" parent="Ground/MeshInstance" instance=ExtResource( 6 )]
transform = Transform( -4.37114e-008, 0, -1, 0, 1, 0, 1, 0, -4.37114e-008, -6.35187, 7.8894, -0.85 )

[node name="BridgeRamp" parent="Ground/MeshInstance" instance=ExtResource( 7 )]
transform = Transform( -4.34663e-008, -0.105745, -0.994393, -4.62228e-009, 0.994393, -0.105745, 1, 0, -4.37114e-008, 7.78485, 1.60253, -10.4209 )

[node name="BridgeRamp13" parent="Ground/MeshInstance" instance=ExtResource( 7 )]
transform = Transform( -4.10753e-008, 0.34202, -0.939693, 1.49502e-008, 0.939693, 0.34202, 1, 0, -4.37114e-008, 2.37143, 3.79568, -18.5696 )

[node name="BridgeRamp17" parent="Ground/MeshInstance" instance=ExtResource( 7 )]
transform = Transform( -4.10753e-008, 0.34202, -0.939693, 1.49502e-008, 0.939693, 0.34202, 1, 0, -4.37114e-008, -2.87857, 6.44568, -15.9954 )

[node name="BridgeRamp7" parent="Ground/MeshInstance" instance=ExtResource( 7 )]
transform = Transform( -4.34663e-008, -0.105745, -0.994393, -4.62228e-009, 0.994393, -0.105745, 1, 0, -4.37114e-008, 6.0353, 2.27731, -10.4209 )

[node name="BridgeRamp16" parent="Ground/MeshInstance" instance=ExtResource( 7 )]
transform = Transform( -4.10753e-008, 0.34202, -0.939693, 1.49502e-008, 0.939693, 0.34202, 1, 0, -4.37114e-008, 1.09643, 5.17068, -18.5185 )

[node name="BridgeRamp20" parent="Ground/MeshInstance" instance=ExtResource( 7 )]
transform = Transform( -4.10753e-008, 0.34202, -0.939693, 1.49502e-008, 0.939693, 0.34202, 1, 0, -4.37114e-008, -4.15357, 7.82068, -16.0769 )

[node name="BridgeRamp4" parent="Ground/MeshInstance" instance=ExtResource( 7 )]
transform = Transform( -4.34663e-008, -0.105745, -0.994393, -4.62228e-009, 0.994393, -0.105745, 1, 0, -4.37114e-008, 6.90696, 1.93408, -10.4209 )

[node name="BridgeRamp14" parent="Ground/MeshInstance" instance=ExtResource( 7 )]
transform = Transform( -4.10753e-008, 0.34202, -0.939693, 1.49502e-008, 0.939693, 0.34202, 1, 0, -4.37114e-008, 1.72857, 4.47931, -18.5185 )

[node name="BridgeRamp18" parent="Ground/MeshInstance" instance=ExtResource( 7 )]
transform = Transform( -4.10753e-008, 0.34202, -0.939693, 1.49502e-008, 0.939693, 0.34202, 1, 0, -4.37114e-008, -3.52143, 7.12931, -16.0769 )

[node name="BridgeRamp8" parent="Ground/MeshInstance" instance=ExtResource( 7 )]
transform = Transform( -4.34663e-008, -0.105745, -0.994393, -4.62228e-009, 0.994393, -0.105745, 1, 0, -4.37114e-008, 5.15741, 2.60886, -10.4209 )

[node name="BridgeRamp12" parent="Ground/MeshInstance" instance=ExtResource( 7 )]
transform = Transform( -4.10753e-008, 0.34202, -0.939693, 1.49502e-008, 0.939693, 0.34202, 1, 0, -4.37114e-008, 0.453569, 5.85431, -18.5185 )

[node name="BridgeRamp2" parent="Ground/MeshInstance" instance=ExtResource( 7 )]
transform = Transform( -4.34663e-008, -0.105745, -0.994393, -4.62228e-009, 0.994393, -0.105745, 1, 0, -4.37114e-008, 7.78485, 1.60253, -11.4459 )

[node name="BridgeRamp9" parent="Ground/MeshInstance" instance=ExtResource( 7 )]
transform = Transform( -4.10753e-008, 0.34202, -0.939693, 1.49502e-008, 0.939693, 0.34202, 1, 0, -4.37114e-008, 2.37143, 3.79568, -19.5946 )

[node name="BridgeRamp23" parent="Ground/MeshInstance" instance=ExtResource( 7 )]
transform = Transform( -4.10753e-008, 0.34202, -0.939693, 1.49502e-008, 0.939693, 0.34202, 1, 0, -4.37114e-008, -2.87857, 6.44568, -17.0204 )

[node name="BridgeRamp5" parent="Ground/MeshInstance" instance=ExtResource( 7 )]
transform = Transform( -4.34663e-008, -0.105745, -0.994393, -4.62228e-009, 0.994393, -0.105745, 1, 0, -4.37114e-008, 6.0353, 2.27731, -11.4459 )

[node name="BridgeRamp15" parent="Ground/MeshInstance" instance=ExtResource( 7 )]
transform = Transform( -4.10753e-008, 0.34202, -0.939693, 1.49502e-008, 0.939693, 0.34202, 1, 0, -4.37114e-008, 1.09643, 5.17068, -19.5435 )

[node name="BridgeRamp19" parent="Ground/MeshInstance" instance=ExtResource( 7 )]
transform = Transform( -4.10753e-008, 0.34202, -0.939693, 1.49502e-008, 0.939693, 0.34202, 1, 0, -4.37114e-008, -4.15357, 7.82068, -17.1019 )

[node name="BridgeRamp3" parent="Ground/MeshInstance" instance=ExtResource( 7 )]
transform = Transform( -4.34663e-008, -0.105745, -0.994393, -4.62228e-009, 0.994393, -0.105745, 1, 0, -4.37114e-008, 6.90696, 1.93408, -11.4459 )

[node name="BridgeRamp11" parent="Ground/MeshInstance" instance=ExtResource( 7 )]
transform = Transform( -4.10753e-008, 0.34202, -0.939693, 1.49502e-008, 0.939693, 0.34202, 1, 0, -4.37114e-008, 1.72857, 4.47931, -19.5435 )

[node name="BridgeRamp24" parent="Ground/MeshInstance" instance=ExtResource( 7 )]
transform = Transform( -4.10753e-008, 0.34202, -0.939693, 1.49502e-008, 0.939693, 0.34202, 1, 0, -4.37114e-008, -3.52143, 7.12931, -17.1019 )

[node name="BridgeRamp6" parent="Ground/MeshInstance" instance=ExtResource( 7 )]
transform = Transform( -4.34663e-008, -0.105745, -0.994393, -4.62228e-009, 0.994393, -0.105745, 1, 0, -4.37114e-008, 5.15741, 2.60886, -11.4459 )

[node name="BridgeRamp10" parent="Ground/MeshInstance" instance=ExtResource( 7 )]
transform = Transform( -4.10753e-008, 0.34202, -0.939693, 1.49502e-008, 0.939693, 0.34202, 1, 0, -4.37114e-008, 0.453569, 5.85431, -19.5435 )

[node name="BridgeRamp21" parent="Ground/MeshInstance" instance=ExtResource( 7 )]
transform = Transform( -4.10753e-008, 0.34202, -0.939693, 1.49502e-008, 0.939693, 0.34202, 1, 0, -4.37114e-008, -4.79643, 8.50431, -17.1019 )

[node name="BridgeRamp22" parent="Ground/MeshInstance" instance=ExtResource( 7 )]
transform = Transform( -4.10753e-008, 0.34202, -0.939693, 1.49502e-008, 0.939693, 0.34202, 1, 0, -4.37114e-008, -4.79643, 8.50431, -16.0769 )
constant_angular_velocity = Vector3( 0, 0, 0 )

[node name="Spatial" type="Spatial" parent="Ground/MeshInstance"]

[node name="Moving Platform 1" type="KinematicBody" parent="Ground/MeshInstance/Spatial"]
editor/display_folded = true
transform = Transform( 1, 0, 0, 0, 1, 0, 0, 0, 1, -8.76158, 8.41929, 0.339006 )

[node name="MeshInstance" type="MeshInstance" parent="Ground/MeshInstance/Spatial/Moving Platform 1"]

[node name="Block" parent="Ground/MeshInstance/Spatial/Moving Platform 1/MeshInstance" instance=ExtResource( 8 )]
transform = Transform( 1, 0, 0, 0, 1, 0, 0, 0, 1, -0.499218, -0.551232, 0.324165 )

[node name="CollisionShape" type="CollisionShape" parent="Ground/MeshInstance/Spatial/Moving Platform 1"]
shape = SubResource( 3 )

[node name="Moving Platform 5" type="KinematicBody" parent="Ground/MeshInstance/Spatial"]
editor/display_folded = true
transform = Transform( 1, 0, 0, 0, 1, 0, 0, 0, 1, -11.9528, 8.41929, 0.339006 )

[node name="MeshInstance" type="MeshInstance" parent="Ground/MeshInstance/Spatial/Moving Platform 5"]
transform = Transform( 1, 0, 0, 0, 1, 0, 0, 0, 1, 3.40022, 0, 0 )

[node name="Block" parent="Ground/MeshInstance/Spatial/Moving Platform 5/MeshInstance" instance=ExtResource( 8 )]
transform = Transform( 1, 0, 0, 0, 1, 0, 0, 0, 1, -3.95505, -0.551232, 0.324165 )

[node name="CollisionShape" type="CollisionShape" parent="Ground/MeshInstance/Spatial/Moving Platform 5"]
shape = SubResource( 3 )

[node name="Moving Platform 2" type="KinematicBody" parent="Ground/MeshInstance/Spatial"]
editor/display_folded = true
transform = Transform( 1, 0, 0, 0, 1, 0, 0, 0, 1, 7.31672, 0.804925, 0.206985 )

[node name="MeshInstance" type="MeshInstance" parent="Ground/MeshInstance/Spatial/Moving Platform 2"]
editor/display_folded = true

[node name="BlockLarge2" parent="Ground/MeshInstance/Spatial/Moving Platform 2/MeshInstance" instance=ExtResource( 4 )]
transform = Transform( 1, 0, 0, 0, 1, 0, 0, 0, 1, -1.02699, 0, 0.960579 )

[node name="CollisionShape" type="CollisionShape" parent="Ground/MeshInstance/Spatial/Moving Platform 2"]
transform = Transform( 1, 0, 0, 0, 1, 0, 0, 0, 1, -0.108327, -0.0164306, 0.00515985 )
shape = SubResource( 4 )

[node name="Moving Platform 3" type="KinematicBody" parent="Ground/MeshInstance/Spatial"]
editor/display_folded = true
transform = Transform( 1, 0, 0, 0, 1, 0, 0, 0, 1, 2.36876, 3.27392, 0.206985 )

[node name="MeshInstance" type="MeshInstance" parent="Ground/MeshInstance/Spatial/Moving Platform 3"]

[node name="BlockLarge2" parent="Ground/MeshInstance/Spatial/Moving Platform 3/MeshInstance" instance=ExtResource( 4 )]
transform = Transform( 1, 0, 0, 0, 1, 0, 0, 0, 1, -1.02699, 0, 0.960579 )

[node name="CollisionShape" type="CollisionShape" parent="Ground/MeshInstance/Spatial/Moving Platform 3"]
transform = Transform( 1, 0, 0, 0, 1, 0, 0, 0, 1, -0.108327, -0.0164306, 0.00515985 )
shape = SubResource( 4 )

[node name="Moving Platform 6" type="KinematicBody" parent="Ground/MeshInstance/Spatial"]
transform = Transform( 1, 0, 0, 0, 1, 0, 0, 0, 1, 4.74, 8.03214, 2.476 )

[node name="MeshInstance" type="MeshInstance" parent="Ground/MeshInstance/Spatial/Moving Platform 6"]

[node name="BlockLarge2" parent="Ground/MeshInstance/Spatial/Moving Platform 6/MeshInstance" instance=ExtResource( 4 )]
transform = Transform( 1, 0, 0, 0, 1, 0, 0, 0, 1, -1.00139, 0.017972, 0.96349 )

[node name="CollisionShape" type="CollisionShape" parent="Ground/MeshInstance/Spatial/Moving Platform 6"]
transform = Transform( 1, 0, 0, 0, 1, 0, 0, 0, 1, -0.108327, -0.0164306, 0.00515985 )
shape = SubResource( 4 )

[node name="Moving Platform 4" type="KinematicBody" parent="Ground/MeshInstance/Spatial"]
editor/display_folded = true
transform = Transform( 1, 0, 0, 0, 1, 0, 0, 0, 1, -1.66026, 6.97119, 0.206985 )

[node name="MeshInstance" type="MeshInstance" parent="Ground/MeshInstance/Spatial/Moving Platform 4"]
editor/display_folded = true

[node name="BlockLarge2" parent="Ground/MeshInstance/Spatial/Moving Platform 4/MeshInstance" instance=ExtResource( 4 )]
transform = Transform( 1, 0, 0, 0, 1, 0, 0, 0, 1, -1.02699, 0, 0.960579 )

[node name="CollisionShape" type="CollisionShape" parent="Ground/MeshInstance/Spatial/Moving Platform 4"]
transform = Transform( 1, 0, 0, 0, 1, 0, 0, 0, 1, -0.108327, -0.0164306, 0.00515985 )
shape = SubResource( 4 )

[node name="CollisionShape" type="CollisionShape" parent="Ground"]
transform = Transform( 1, 0, 0, 0, 1, 0, 0, 0, 1, 2.75, 0, 0 )
shape = SubResource( 5 )

[node name="CameraHub" type="Spatial" parent="."]

[node name="Camera" type="Camera" parent="CameraHub"]
transform = Transform( 1, 0, 0, 0, 1, 0, 0, 0, 1, 11.5566, 2.99188, 10.6484 )
fov = 78.4424

[node name="DirectionalLight" type="DirectionalLight" parent="."]
transform = Transform( 1, 0, 0, 0, -0.49326, 0.869882, 0, -0.869882, -0.49326, 2.75, 5.7304, 0.744969 )
shadow_enabled = true

[node name="AnimationPlayer" type="AnimationPlayer" parent="."]
autoplay = "Moving Platform 3"
anims/Block = SubResource( 6 )
"anims/Moving Platform 1" = SubResource( 7 )
"anims/Moving Platform 2" = SubResource( 8 )
"anims/Moving Platform 3" = SubResource( 9 )
"anims/Moving Platform 4" = SubResource( 10 )
