[gd_scene load_steps=10 format=2]

[ext_resource path="res://Scripts/Game.gd" type="Script" id=1]
[ext_resource path="res://Scenes/Crate.tscn" type="PackedScene" id=2]
[ext_resource path="res://Scenes/BlockLarge.tscn" type="PackedScene" id=3]
[ext_resource path="res://Scenes/BlockSlope.tscn" type="PackedScene" id=4]
[ext_resource path="res://Scenes/Bridge.tscn" type="PackedScene" id=5]
[ext_resource path="res://Scenes/BridgeRamp.tscn" type="PackedScene" id=6]

[sub_resource type="SpatialMaterial" id=1]
albedo_color = Color( 0.0627451, 0.490196, 0.0235294, 1 )

[sub_resource type="PlaneMesh" id=2]
material = SubResource( 1 )
size = Vector2( 40, 40 )

[sub_resource type="ConvexPolygonShape" id=3]
points = PoolVector3Array( 5, 0, 5, -5, 0, 5, 5, 0, -5, -5, 0, -5 )

[node name="Spatial" type="Spatial"]
script = ExtResource( 1 )

[node name="Ground" type="StaticBody" parent="."]

[node name="MeshInstance" type="MeshInstance" parent="Ground"]
transform = Transform( 1, 0, 0, 0, 1, 0, 0, 0, 1, -0.477261, 0.191369, -0.654909 )
mesh = SubResource( 2 )
material/0 = null

[node name="Crate" parent="Ground/MeshInstance" instance=ExtResource( 2 )]
transform = Transform( 1, 0, 0, 0, 1, 0, 0, 0, 1, 3.12207, 0.249757, 0 )

[node name="Crate2" parent="Ground/MeshInstance" instance=ExtResource( 2 )]
transform = Transform( 1, 0, 0, 0, 1, 0, 0, 0, 1, 3.12207, 0.752548, -0.215167 )

[node name="Crate3" parent="Ground/MeshInstance" instance=ExtResource( 2 )]
transform = Transform( 1, 0, 0, 0, 1, 0, 0, 0, 1, 3.12207, 1.2512, 0.0681413 )

[node name="Crate4" parent="Ground/MeshInstance" instance=ExtResource( 2 )]
transform = Transform( 1, 0, 0, 0, 1, 0, 0, 0, 1, 3.12207, 1.7553, 0.219697 )

[node name="BlockLarge" parent="Ground/MeshInstance" instance=ExtResource( 3 )]
transform = Transform( 1, 0, 0, 0, 1, 0, 0, 0, 1, 13.995, -0.00613558, -17.8324 )

[node name="BlockLarge2" parent="Ground/MeshInstance" instance=ExtResource( 3 )]
transform = Transform( 1, 0, 0, 0, 1, 0, 0, 0, 1, -2.02203, 0.0583549, 0.0503156 )

[node name="BlockSlope" parent="Ground/MeshInstance" instance=ExtResource( 4 )]
transform = Transform( 0.0254105, 0, -0.999677, 0, 1, 0, 0.999677, 0, 0.0254105, 15.9747, 0, -18.8248 )

[node name="BlockSlope2" parent="Ground/MeshInstance" instance=ExtResource( 4 )]
transform = Transform( 0.0254105, 0, -0.999677, 0, 1, 0, 0.999677, 0, 0.0254105, 15.9747, 0, -19.8322 )

[node name="Bridge" parent="Ground/MeshInstance" instance=ExtResource( 5 )]
transform = Transform( -4.37114e-008, 0, -1, 0, 1, 0, 1, 0, -4.37114e-008, 13, 0, -18.825 )

[node name="Bridge8" parent="Ground/MeshInstance" instance=ExtResource( 5 )]
transform = Transform( -4.37114e-008, 0, -1, 0, 1, 0, 1, 0, -4.37114e-008, 7.75, 2.675, -18.825 )

[node name="Bridge15" parent="Ground/MeshInstance" instance=ExtResource( 5 )]
transform = Transform( -4.37114e-008, 0, -1, 0, 1, 0, 1, 0, -4.37114e-008, 2.5, 5.325, -18.825 )

[node name="Bridge3" parent="Ground/MeshInstance" instance=ExtResource( 5 )]
transform = Transform( -4.37114e-008, 0, -1, 0, 1, 0, 1, 0, -4.37114e-008, 12.075, 0, -18.825 )

[node name="Bridge9" parent="Ground/MeshInstance" instance=ExtResource( 5 )]
transform = Transform( -4.37114e-008, 0, -1, 0, 1, 0, 1, 0, -4.37114e-008, 6.825, 2.675, -18.825 )

[node name="Bridge16" parent="Ground/MeshInstance" instance=ExtResource( 5 )]
transform = Transform( -4.37114e-008, 0, -1, 0, 1, 0, 1, 0, -4.37114e-008, 1.575, 5.325, -18.825 )

[node name="Bridge6" parent="Ground/MeshInstance" instance=ExtResource( 5 )]
transform = Transform( -4.37114e-008, 0, -1, 0, 1, 0, 1, 0, -4.37114e-008, 11.15, 0, -18.825 )

[node name="Bridge10" parent="Ground/MeshInstance" instance=ExtResource( 5 )]
transform = Transform( -4.37114e-008, 0, -1, 0, 1, 0, 1, 0, -4.37114e-008, 5.9, 2.675, -18.825 )

[node name="Bridge17" parent="Ground/MeshInstance" instance=ExtResource( 5 )]
transform = Transform( -4.37114e-008, 0, -1, 0, 1, 0, 1, 0, -4.37114e-008, 0.650001, 5.325, -18.825 )

[node name="Bridge2" parent="Ground/MeshInstance" instance=ExtResource( 5 )]
transform = Transform( -4.37114e-008, 0, -1, 0, 1, 0, 1, 0, -4.37114e-008, 13, 0, -19.85 )

[node name="Bridge7" parent="Ground/MeshInstance" instance=ExtResource( 5 )]
transform = Transform( -4.37114e-008, 0, -1, 0, 1, 0, 1, 0, -4.37114e-008, 7.75, 2.675, -19.85 )

[node name="Bridge18" parent="Ground/MeshInstance" instance=ExtResource( 5 )]
transform = Transform( -4.37114e-008, 0, -1, 0, 1, 0, 1, 0, -4.37114e-008, 2.5, 5.325, -19.85 )

[node name="Bridge4" parent="Ground/MeshInstance" instance=ExtResource( 5 )]
transform = Transform( -4.37114e-008, 0, -1, 0, 1, 0, 1, 0, -4.37114e-008, 12.075, 0, -19.85 )

[node name="Bridge11" parent="Ground/MeshInstance" instance=ExtResource( 5 )]
transform = Transform( -4.37114e-008, 0, -1, 0, 1, 0, 1, 0, -4.37114e-008, 6.825, 2.675, -19.85 )

[node name="Bridge13" parent="Ground/MeshInstance" instance=ExtResource( 5 )]
transform = Transform( -4.37114e-008, 0, -1, 0, 1, 0, 1, 0, -4.37114e-008, 1.575, 5.325, -19.85 )

[node name="Bridge5" parent="Ground/MeshInstance" instance=ExtResource( 5 )]
transform = Transform( -4.37114e-008, 0, -1, 0, 1, 0, 1, 0, -4.37114e-008, 11.15, 0, -19.85 )

[node name="Bridge12" parent="Ground/MeshInstance" instance=ExtResource( 5 )]
transform = Transform( -4.37114e-008, 0, -1, 0, 1, 0, 1, 0, -4.37114e-008, 5.9, 2.675, -19.85 )

[node name="Bridge14" parent="Ground/MeshInstance" instance=ExtResource( 5 )]
transform = Transform( -4.37114e-008, 0, -1, 0, 1, 0, 1, 0, -4.37114e-008, 0.650001, 5.325, -19.85 )

[node name="BridgeRamp" parent="Ground/MeshInstance" instance=ExtResource( 6 )]
transform = Transform( -4.10753e-008, 0.34202, -0.939693, 1.49502e-008, 0.939693, 0.34202, 1, 0, -4.37114e-008, 10.4464, 1.12068, -18.825 )

[node name="BridgeRamp13" parent="Ground/MeshInstance" instance=ExtResource( 6 )]
transform = Transform( -4.10753e-008, 0.34202, -0.939693, 1.49502e-008, 0.939693, 0.34202, 1, 0, -4.37114e-008, 5.19643, 3.79568, -18.825 )

[node name="BridgeRamp17" parent="Ground/MeshInstance" instance=ExtResource( 6 )]
transform = Transform( -4.10753e-008, 0.34202, -0.939693, 1.49502e-008, 0.939693, 0.34202, 1, 0, -4.37114e-008, -0.0535693, 6.44568, -18.825 )

[node name="BridgeRamp7" parent="Ground/MeshInstance" instance=ExtResource( 6 )]
transform = Transform( -4.10753e-008, 0.34202, -0.939693, 1.49502e-008, 0.939693, 0.34202, 1, 0, -4.37114e-008, 9.17143, 2.49568, -18.825 )

[node name="BridgeRamp16" parent="Ground/MeshInstance" instance=ExtResource( 6 )]
transform = Transform( -4.10753e-008, 0.34202, -0.939693, 1.49502e-008, 0.939693, 0.34202, 1, 0, -4.37114e-008, 3.92143, 5.17068, -18.825 )

[node name="BridgeRamp20" parent="Ground/MeshInstance" instance=ExtResource( 6 )]
transform = Transform( -4.10753e-008, 0.34202, -0.939693, 1.49502e-008, 0.939693, 0.34202, 1, 0, -4.37114e-008, -1.32857, 7.82068, -18.825 )

[node name="BridgeRamp4" parent="Ground/MeshInstance" instance=ExtResource( 6 )]
transform = Transform( -4.10753e-008, 0.34202, -0.939693, 1.49502e-008, 0.939693, 0.34202, 1, 0, -4.37114e-008, 9.80357, 1.80431, -18.825 )
constant_linear_velocity = Vector3( 200, 0, 0 )

[node name="BridgeRamp14" parent="Ground/MeshInstance" instance=ExtResource( 6 )]
transform = Transform( -4.10753e-008, 0.34202, -0.939693, 1.49502e-008, 0.939693, 0.34202, 1, 0, -4.37114e-008, 4.55357, 4.47931, -18.825 )

[node name="BridgeRamp18" parent="Ground/MeshInstance" instance=ExtResource( 6 )]
transform = Transform( -4.10753e-008, 0.34202, -0.939693, 1.49502e-008, 0.939693, 0.34202, 1, 0, -4.37114e-008, -0.696431, 7.12931, -18.825 )

[node name="BridgeRamp8" parent="Ground/MeshInstance" instance=ExtResource( 6 )]
transform = Transform( -4.10753e-008, 0.34202, -0.939693, 1.49502e-008, 0.939693, 0.34202, 1, 0, -4.37114e-008, 8.52857, 3.17932, -18.825 )

[node name="BridgeRamp12" parent="Ground/MeshInstance" instance=ExtResource( 6 )]
transform = Transform( -4.10753e-008, 0.34202, -0.939693, 1.49502e-008, 0.939693, 0.34202, 1, 0, -4.37114e-008, 3.27857, 5.85431, -18.825 )

[node name="BridgeRamp22" type="PhysicalBone" parent="Ground/MeshInstance" instance=ExtResource( 6 )]
transform = Transform( -4.10753e-008, 0.34202, -0.939693, 1.49502e-008, 0.939693, 0.34202, 1, 0, -4.37114e-008, -1.97143, 8.50431, -18.825 )
body_offset = Transform( 1, 0, 5, 0, 1, 0, 0, 0, 1, 0, 0, 0 )
friction = 0.0
gravity_scale = 0.0

[node name="BridgeRamp2" parent="Ground/MeshInstance" instance=ExtResource( 6 )]
transform = Transform( -4.10753e-008, 0.34202, -0.939693, 1.49502e-008, 0.939693, 0.34202, 1, 0, -4.37114e-008, 10.4464, 1.12068, -19.85 )

[node name="BridgeRamp9" parent="Ground/MeshInstance" instance=ExtResource( 6 )]
transform = Transform( -4.10753e-008, 0.34202, -0.939693, 1.49502e-008, 0.939693, 0.34202, 1, 0, -4.37114e-008, 5.19643, 3.79568, -19.85 )

[node name="BridgeRamp23" parent="Ground/MeshInstance" instance=ExtResource( 6 )]
transform = Transform( -4.10753e-008, 0.34202, -0.939693, 1.49502e-008, 0.939693, 0.34202, 1, 0, -4.37114e-008, -0.0535693, 6.44568, -19.85 )

[node name="BridgeRamp5" parent="Ground/MeshInstance" instance=ExtResource( 6 )]
transform = Transform( -4.10753e-008, 0.34202, -0.939693, 1.49502e-008, 0.939693, 0.34202, 1, 0, -4.37114e-008, 9.17143, 2.49568, -19.85 )

[node name="BridgeRamp15" parent="Ground/MeshInstance" instance=ExtResource( 6 )]
transform = Transform( -4.10753e-008, 0.34202, -0.939693, 1.49502e-008, 0.939693, 0.34202, 1, 0, -4.37114e-008, 3.92143, 5.17068, -19.85 )

[node name="BridgeRamp19" parent="Ground/MeshInstance" instance=ExtResource( 6 )]
transform = Transform( -4.10753e-008, 0.34202, -0.939693, 1.49502e-008, 0.939693, 0.34202, 1, 0, -4.37114e-008, -1.32857, 7.82068, -19.85 )

[node name="BridgeRamp3" parent="Ground/MeshInstance" instance=ExtResource( 6 )]
transform = Transform( -4.10753e-008, 0.34202, -0.939693, 1.49502e-008, 0.939693, 0.34202, 1, 0, -4.37114e-008, 9.80357, 1.80431, -19.85 )

[node name="BridgeRamp11" parent="Ground/MeshInstance" instance=ExtResource( 6 )]
transform = Transform( -4.10753e-008, 0.34202, -0.939693, 1.49502e-008, 0.939693, 0.34202, 1, 0, -4.37114e-008, 4.55357, 4.47931, -19.85 )

[node name="BridgeRamp24" parent="Ground/MeshInstance" instance=ExtResource( 6 )]
transform = Transform( -4.10753e-008, 0.34202, -0.939693, 1.49502e-008, 0.939693, 0.34202, 1, 0, -4.37114e-008, -0.696431, 7.12931, -19.85 )

[node name="BridgeRamp6" parent="Ground/MeshInstance" instance=ExtResource( 6 )]
transform = Transform( -4.10753e-008, 0.34202, -0.939693, 1.49502e-008, 0.939693, 0.34202, 1, 0, -4.37114e-008, 8.52857, 3.17932, -19.85 )

[node name="BridgeRamp10" parent="Ground/MeshInstance" instance=ExtResource( 6 )]
transform = Transform( -4.10753e-008, 0.34202, -0.939693, 1.49502e-008, 0.939693, 0.34202, 1, 0, -4.37114e-008, 3.27857, 5.85431, -19.85 )

[node name="BridgeRamp21" parent="Ground/MeshInstance" instance=ExtResource( 6 )]
transform = Transform( -4.10753e-008, 0.34202, -0.939693, 1.49502e-008, 0.939693, 0.34202, 1, 0, -4.37114e-008, -1.97143, 8.50431, -19.85 )
constant_linear_velocity = Vector3( 200, 0, 0 )

[node name="CollisionShape" type="CollisionShape" parent="Ground"]
shape = SubResource( 3 )

[node name="CameraHub" type="Spatial" parent="."]

[node name="Camera" type="Camera" parent="CameraHub"]
transform = Transform( 1, 0, 0, 0, 0.997567, 0.0697219, 0, -0.0697219, 0.997567, -4.29763, 8.82132, -9.80155 )

[node name="DirectionalLight" type="DirectionalLight" parent="."]
transform = Transform( 1, 0, 0, 0, -0.49326, 0.869882, 0, -0.869882, -0.49326, 0, 5.7304, 0.831792 )
shadow_enabled = true
